12,64
12,41
12,40
12,39
12,38
12,37
12,36
12,35
12,34
12,33
12,32
12,29
12,28
12,27
12,26
12,25
12,24
12,23
12,22
12,21
12,20
12,19
12,18
12,17
12,16
12,15
12,14
12,13
12,12
12,11
12,10
12,9
12,8
12,7
12,6
12,5
12,4
12,3
12,2
12,1
12,0
10,5
10,4
10,3
10,2
10,1
10,0
7,5
7,4
7,3
7,2
7,1
7,0
6,7
6,6
6,5
6,4
6,3
6,2
6,1
6,0
5,3
5,2
5,1
5,0
4,2
3,6
3,5
3,4
3,3
3,2
3,1
3,0
2,12
2,11
2,10
2,9
2,7
2,6
2,4
2,2
1,2
0,446
0,444
0,440
0,435
0,431
0,430
0,427
0,426
0,424
0,408
0,407
0,385
0,383
0,380
0,367
2,8
0,364
0,357
4,1
0,355
4,3
0,348
4,0
0,340
0,322
0,319
0,318
1,1
0,316
1,3
0,315
1,0
2,1
0,309
2,5
0,301
2,3
0,243
2,0
0,9
0,334
0,310
0,305
0,308
0,304
0,303
0,302
0,307
0,12
0,10
0,8
0,0
0,377
0,300
0,299
0,391
0,298
0,297
0,306
0,296
0,375
0,295
0,327
0,294
0,381
0,293
0,325
0,292
0,378
0,291
0,374
0,290
0,392
0,289
0,373
0,288
0,287
0,363
0,286
0,285
0,390
0,284
0,370
0,283
0,282
0,281
0,323
0,280
0,421
0,279
0,445
12,65
12,66
12,68
12,69
12,71
12,72
12,74
12,76
12,77
12,79
12,80
12,82
12,84
12,85
12,87
12,88
12,90
12,91
12,93
12,95
12,96
12,98
12,99
12,101
12,103
12,104
12,106
12,107
12,109
12,110
12,112
12,114
12,115
12,117
12,118
12,120
12,122
12,123
12,125
12,128
12,130
12,131
12,133
12,135
13,0
13,2
13,3
13,5
13,7
13,8
14,1
14,2
14,4
14,6
14,7
18,0
18,1
18,3
18,4
19,1
19,3
19,4
23,1
23,2
23,4
25,1
25,2
26,0
26,1
26,3
26,4
27,0
27,2
27,3
27,5
28,0
28,2
28,4
28,5
29,1
29,2
29,4
29,5
31,0
31,2
31,3
31,5
31,6
32,0
32,2
32,3
34,0
34,1
34,3
36,1
36,2
37,0
37,1
37,3
37,4
37,6
37,8
37,9
37,11
37,12
37,14
37,16
37,17
37,19
37,20
37,22
37,23
37,25
37,27
37,28
37,30
37,31
38,0
38,2
38,3
38,5
39,0
39,2
39,3
39,5
39,7
39,8
39,10
39,11
39,13
39,15
39,16
39,18
39,19
40,1
40,2
40,4
40,6
40,7
40,9
41,0
41,2
41,4
41,5
41,7
42,0
42,2
42,4
42,5
42,7
46,0
46,2
46,3
47,0
47,2
47,3
47,5
48,0
48,2
48,4
48,5
50,0
50,1
50,3
50,4
50,6
50,8
50,9
50,7
50,5
50,2
48,6
48,3
48,1
47,4
47,1
46,4
46,1
42,6
42,3
42,1
41,6
41,3
41,1
40,8
40,5
40,3
40,0
39,17
39,14
39,12
39,9
39,6
39,4
39,1
38,4
38,1
37,32
37,29
37,26
37,24
37,21
37,18
37,15
37,13
37,10
37,7
37,5
37,2
36,3
36,0
34,2
32,4
32,1
31,7
31,4
31,1
29,6
29,3
29,0
28,3
28,1
27,4
27,1
26,5
26,2
25,3
25,0
23,3
23,0
19,2
19,0
18,2
14,8
14,5
14,3
14,0
13,6
13,4
13,1
12,134
12,132
12,129
12,124
12,121
12,119
12,116
12,113
12,111
12,108
12,105
12,102
12,100
12,97
12,94
12,92
12,89
12,86
12,83
12,81
12,78
12,75
12,73
12,70
12,67
0,278
0,356
0,277
0,411
0,276
0,275
0,389
0,274
0,273
0,369
0,272
0,346
0,271
0,362
0,270
0,344
0,269
0,447
0,268
0,384
0,267
0,423
0,266
0,350
0,265
0,264
0,326
0,263
0,262
0,413
0,261
0,412
0,260
0,434
0,259
0,432
0,258
0,388
0,257
0,443
0,256
0,324
0,255
0,342
0,254
0,406
0,253
0,439
0,252
0,366
0,251
0,438
0,250
0,429
0,249
0,321
0,248
0,360
0,247
0,399
0,246
0,442
0,245
0,358
0,244
0,425
0,242
0,396
0,241
0,393
0,240
0,416
0,239
0,441
0,238
0,353
0,237
0,352
0,236
0,320
0,235
0,437
0,234
0,436
0,233
0,317
0,232
0,419
0,231
0,415
0,230
0,345
0,229
0,397
0,228
0,418
0,227
0,382
0,226
0,343
0,225
0,351
0,224
0,223
0,403
0,222
0,339
0,221
0,422
0,220
0,314
0,219
0,420
0,218
0,398
0,217
0,404
0,216
0,313
0,215
0,311
0,214
0,333
0,213
0,433
0,212
0,379
0,211
0,359
0,210
0,376
0,209
0,336
0,208
0,335
0,207
0,354
0,206
0,372
0,205
0,409
0,204
0,203
0,428
0,202
0,201
0,332
0,200
0,405
0,199
0,395
0,198
0,197
0,331
0,196
0,414
0,195
0,365
0,194
0,371
0,193
0,410
0,192
0,368
0,63
0,401
0,62
0,361
0,61
0,400
0,60
0,341
0,59
0,402
0,58
0,57
0,349
0,56
0,55
0,347
0,54
0,329
0,53
0,417
0,52
0,312
0,51
0,338
0,50
0,394
0,49
0,337
0,48
0,387
0,47
0,386
0,46
0,330
0,45
0,328
0,6
0,5
0,1
0,11
0,4
0,2
0,3
0,7
